#PATH-POINTS-START Path
0,0,120,0
-0.078,-4.999,120
-0.252,-9.996,120
-0.552,-14.986,120
-1.022,-19.963,120
-1.725,-24.914,120
-2.72,-29.813,120
-4.115,-34.612,120
-6.013,-39.232,120
-8.626,-43.479,120
-12.127,-47.019,120
-16.472,-49.449,120
-21.294,-50.72,120
-26.27,-51.169,120
-31.269,-51.226,120
-36.268,-51.309,120
-41.237,-51.819,120
-46.033,-53.185,120
-50.316,-55.727,120
-53.725,-59.363,120
-56.239,-63.672,120
-58.095,-68.309,120
-59.432,-73.125,120
-60.385,-78.032,120
-61.073,-82.984,120
-61.534,-87.963,120
-61.814,-92.955,120
-61.969,-97.951,120,0
-62.025,-102.951,120
-61.877,-107.948,120
-61.506,-112.932,120
-60.862,-117.886,120
-59.836,-122.775,120
-58.284,-127.521,120
-56.04,-131.974,120
-52.967,-135.893,120
-49.053,-138.97,120
-44.403,-140.763,120
-39.478,-141.534,120
-34.486,-141.476,120
-29.535,-140.797,120
-24.663,-139.672,120
-19.877,-138.227,120
-15.167,-136.551,120
-10.521,-134.706,120
-5.927,-132.732,120
-1.377,-130.66,120
3.13,-128.496,120
7.599,-126.253,120
12.046,-123.968,120
16.473,-121.644,120
20.874,-119.271,120
25.266,-116.882,120
29.647,-114.472,120
34.019,-112.045,120
38.387,-109.613,120
42.752,-107.173,120
47.117,-104.735,120
51.483,-102.299,120
55.855,-99.873,120
60.229,-97.45,120
64.616,-95.052,120
69.008,-92.661,120
73.414,-90.298,120
77.83,-87.952,120
82.259,-85.634,120
86.706,-83.347,120
91.164,-81.084,120
95.648,-78.871,120
100.139,-76.674,120
104.665,-74.548,120
109.196,-72.435,120
113.766,-70.405,120
118.346,-68.399,120
122.959,-66.473,120
127.592,-64.591,120
132.253,-62.782,120
136.941,-61.045,120
141.651,-59.368,120
146.398,-57.799,120
151.159,-56.271,120
155.966,-54.895,120
160.782,-53.556,120,0
168.871,-51.599,120
168.871,-51.599,0,0
#PATH.JERRYIO-DATA {"appVersion":"0.11.0","format":"path.jerryio v0.1","gc":{"robotWidth":300,"robotHeight":300,"robotIsHolonomic":false,"showRobot":false,"uol":0.1,"pointDensity":50,"controlMagnetDistance":50,"fieldImage":{"displayName":"V5RC 2027 - Override","signature":"V5RC-Override-H2H-TopDownHighlighted-TileColor66_71","origin":{"__type":"built-in"}},"coordinateSystem":"Cartesian Plane"},"paths":[{"segments":[{"controls":[{"uid":"3AeybfS1XV","x":0,"y":0,"lock":false,"visible":true,"heading":0,"__type":"end-point"},{"uid":"DXgWhEwb4Z","x":0,"y":-1024.5156935538305,"lock":false,"visible":true,"__type":"control"},{"uid":"BnmJopIuBo","x":-620.3965575430308,"y":0,"lock":false,"visible":true,"__type":"control"},{"uid":"zpLHfkMBpz","x":-620.3965575430308,"y":-1024.5156935538305,"lock":false,"visible":true,"heading":0,"__type":"end-point"}],"speedProfiles":[],"lookaheadKeyframes":[],"uid":"HIYLRLAbRm"},{"controls":[{"uid":"zpLHfkMBpz","x":-620.3965575430308,"y":-1024.5156935538305,"lock":false,"visible":true,"heading":0,"__type":"end-point"},{"uid":"bQCL1AMA7v","x":-620.3965575430308,"y":-2049.031387107661,"lock":false,"visible":true,"__type":"control"},{"uid":"P2ivAOF7v4","x":534.1554168072898,"y":-770.2548093148836,"lock":false,"visible":true,"__type":"control"},{"uid":"MtMgrxxq4n","x":1688.7073911576106,"y":-515.9939250759365,"lock":false,"visible":true,"heading":0,"__type":"end-point"}],"speedProfiles":[],"lookaheadKeyframes":[],"uid":"qiBDkdV5Vr"}],"pc":{"speedLimit":{"minLimit":{"value":0,"label":"0"},"maxLimit":{"value":600,"label":"600"},"step":1,"from":40,"to":120},"bentRateApplicableRange":{"minLimit":{"value":0,"label":"0"},"maxLimit":{"value":1,"label":"1"},"step":0.001,"from":0,"to":0.1}},"name":"Path","uid":"Bu0qIDKFMf","lock":false,"visible":true}]}